1	281
2	208
3	188
4	126
5	155
6	213
7	156
8	118
9	184
10	155
11	94
12	83
13	82
14	73
15	82
16	84
17	64
18	79
19	135
20	68
21	48
22	61
23	93
24	53
25	70
26	51
27	61
28	51
29	46
30	50
31	45
32	49
33	47
34	50
35	51
36	59
37	39
38	44
39	48
40	29
41	46
42	34
43	37
44	35
45	31
46	42
47	36
48	38
49	35
50	28
51	50
52	43
53	34
54	34
55	28
56	36
57	26
58	30
59	25
60	22
61	33
62	37
63	30
64	26
65	36
66	28
67	30
68	32
69	21
70	24
71	17
72	18
73	28
74	19
75	28
76	17
77	22
78	18
79	17
80	18
81	14
82	15
83	11
84	16
85	22
86	12
87	24
88	14
89	13
90	17
91	12
92	13
93	15
94	14
95	16
96	8
97	18
98	18
99	17
100	11
101	13
102	7
103	14
104	14
105	11
106	11
107	4
108	12
109	10
110	12
111	11
112	14
113	7
114	16
115	12
116	9
117	18
118	9
119	10
120	12
121	12
122	10
123	9
124	9
125	9
126	7
127	12
128	15
129	7
130	6
131	6
132	6
133	12
134	9
135	5
136	6
137	5
138	7
139	5
140	3
141	8
142	9
143	8
144	10
145	5
146	4
147	7
148	11
149	5
150	2
151	5
152	6
153	5
154	3
155	6
156	4
157	5
158	5
159	9
160	7
161	3
162	4
163	7
164	6
165	6
166	3
167	4
168	3
169	4
170	3
171	3
172	5
173	3
174	4
175	3
176	6
177	4
178	2
179	1
180	3
181	1
182	1
183	3
184	1
185	3
186	3
187	3
188	2
189	1
191	3
192	1
193	3
195	4
196	4
197	1
198	5
199	1
200	4
201	4
202	1
203	4
204	2
205	1
206	3
207	2
208	1
209	2
210	2
212	1
214	1
215	1
216	1
217	1
219	1
220	3
221	1
223	3
224	1
225	4
227	1
228	2
229	4
231	1
232	1
233	1
236	2
237	2
238	2
239	2
240	2
241	4
243	1
244	1
246	1
248	2
249	1
252	1
253	1
254	2
255	2
257	2
261	3
263	2
267	2
270	1
271	2
272	1
273	2
274	1
275	1
281	1
283	1
285	1
286	1
287	1
288	2
291	1
292	2
295	2
297	1
298	1
299	1
303	1
307	1
308	2
309	1
311	1
316	1
319	1
325	1
327	1
331	1
333	1
335	1
341	1
342	1
345	1
349	2
359	1
372	1
373	2
376	1
380	1
400	1
407	1
411	1
415	1
426	1
430	1
459	1
471	1
473	1
485	1
556	1
646	1
